66.66666666666666
66.66666666666666
66.66666666666666
66.66666666666666
66.66666666666666
0.0
50.0
50.0
0.0
33.33333333333333
25.0
0.0
25.0
0.0
0.0
25.0
0.0
0.0
0.0
0.0
0.0
0.0
0.0
0.0
0.0
0.0
0.0
0.0
0.0
0.0
50.0
66.66666666666666
0.0
50.0
66.66666666666666
0.0
0.0
33.33333333333333
0.0
0.0
50.0
66.66666666666666
0.0
0.0
0.0
50.0
0.0
0.0
0.0
0.0
0.0
0.0
0.0
0.0
0.0
0.0
0.0
0.0
0.0
0.0
50.0
50.0
50.0
33.33333333333333
0.0
0.0
66.66666666666666
0.0
0.0
50.0
50.0
0.0
0.0
66.66666666666666
50.0
0.0
50.0
50.0
66.66666666666666
66.66666666666666
0.0
0.0
0.0
0.0
66.66666666666666
0.0
0.0
0.0
0.0
0.0
66.66666666666666
75.0
0.0
0.0
50.0
0.0
0.0
0.0
0.0
0.0
