0.0
0.0
0.0
75.0
75.0
75.0
50.0
66.66666666666666
66.66666666666666
50.0
75.0
75.0
66.66666666666666
66.66666666666666
66.66666666666666
50.0
75.0
75.0
66.66666666666666
66.66666666666666
66.66666666666666
50.0
33.33333333333333
66.66666666666666
66.66666666666666
66.66666666666666
33.33333333333333
75.0
75.0
75.0
66.66666666666666
66.66666666666666
66.66666666666666
75.0
75.0
75.0
66.66666666666666
50.0
50.0
75.0
75.0
75.0
50.0
50.0
50.0
75.0
75.0
75.0
50.0
50.0
50.0
75.0
75.0
75.0
50.0
50.0
33.33333333333333
75.0
66.66666666666666
75.0
33.33333333333333
50.0
33.33333333333333
75.0
66.66666666666666
75.0
33.33333333333333
50.0
50.0
75.0
75.0
75.0
66.66666666666666
66.66666666666666
66.66666666666666
75.0
66.66666666666666
75.0
66.66666666666666
75.0
66.66666666666666
75.0
66.66666666666666
75.0
66.66666666666666
75.0
66.66666666666666
75.0
66.66666666666666
75.0
66.66666666666666
75.0
66.66666666666666
75.0
66.66666666666666
75.0
66.66666666666666
75.0
66.66666666666666
75.0
